26
2
57
75
46
77
69
44
96
5
62
83
36
71
28
44
92
19
26
46
56
6
57
23
66
28
71
93
35
46
37
18
50
62
89
70
19
57
1
42
17
15
79
64
32
16
0
12
90
32
50
89
5
64
11
67
85
34
61
73
53
39
97
30
37
19
47
34
86
100
99
9
17
79
42
73
62
10
55
28
60
13
54
40
54
53
68
22
40
97
2
27
15
50
80
56
60
17
88
13
54
98
51
91
4
10
63
47
73
48
62
43
69
72
88
39
76
57
97
8
88
62
61
86
43
41
51
22
1
1
50
18
70
48
94
5
58
96
38
78
1
48
7
19
3
82
6
4
78
2
22
55
16
74
63
16
14
32
41
85
59
72
57
78
84
7
84
32
46
19
37
64
1
11
36
36
30
99
67
52
92
46
5
93
91
8
75
78
11
98
53
39
91
67
13
91
21
7
62
30
1
42
73
0
34
45
72
36
64
93
52
62
89
78
72
70
69
21
22
55
77
21
19
43
77
91
52
14
79
56
70
3
23
64
27
67
24
95
36
16
18
52
78
23
80
28
8
29
81
87
98
41
64
35
82
15
28
72
65
76
74
19
72
91
50
3
35
71
95
46
33
38
24
48
22
10
1
70
56
59
55
68
73
100
1
60
35
4
60
65
97
79
90
32
41
99
64
92
39
55
69
17
54
48
76
52
16
26
4
30
64
3
82
35
60
42
98
94
33
67
75
18
66
18
89
46
6
71
84
89
8
6
19
3
11
0
55
32
19
62
60
52
83
16
47
38
34
7
32
18
95
49
92
32
94
56
63
99
80
29
88
85
8
95
24
92
71
28
42
10
0
74
55
52
76
42
60
59
31
17
22
54
48
87
53
36
72
1
92
46
82
12
94
82
93
34
61
62
35
86
71
61
65
46
50
26
75
68
48
79
76
3
93
73
66
46
33
25
66
38
44
43
81
40
81
63
64
90
70
32
55
62
16
97
84
49
27
55
93
74
7
0
67
95
68
80
100
98
77
90
92
58
88
79
96
16
6
25
82
1
70
80
49
97
24
49
31
91
57
60
71
39
32
35
98
30
80
99
53
55
47
51
93
81
83
15
61
74
55
26
34
20
30
4
61
17
0
65
61
76
32
49
26
55
42
41
41
63
25
68
26
53
19
73
6
29
50
75
77
1
34
28
16
67
88
16
51
56
28
58
85
73
42
83
25
39
16
79
42
35
5
99
97
76
9
43
8
84
6
51
17
64
52
63
28
95
72
42
92
65
23
41
12
93
41
1
87
88
89
12
87
32
39
5
83
49
33
83
93
77
85
52
57
77
27
7
0
98
24
20
27
0
96
53
50
56
41
15
53
1
99
83
75
34
10
4
69
41
66
49
96
49
46
88
92
42
40
100
41
66
23
77
33
29
7
64
39
87
22
1
91
61
24
52
83
55
50
96
26
12
48
39
72
37
96
98
70
9
63
90
71
69
50
58
98
65
68
0
90
13
6
77
42
49
17
2
81
50
57
32
72
37
69
95
87
66
88
53
30
53
9
37
36
34
3
32
45
26
2
4
37
76
100
56
57
11
33
73
13
5
64
68
20
42
92
40
32
66
19
4
1
86
19
60
88
7
73
19
21
85
39
20
63
14
50
4
56
18
14
31
55
48
73
63
58
46
78
96
34
66
7
95
1
74
34
25
35
55
44
76
52
87
70
87
45
32
65
75
40
38
63
22
4
32
32
2
55
11
22
68
48
86
31
12
89
53
86
45
61
30
35
64
58
14
89
44
79
81
32
26
20
42
3
5
91
1
87
8
92
84
54
12
77
49
83
15
73
51
66
9
18
59
60
55
84
20
39
48
8
61
74
32
12
49
13
75
97
41
61
70
3
8
73
6
83
74
59
67
14
54
100
82
35
25
7
48
12
5
89
87
73
88
12
97
8
92
81
13
6
29
25
54
53
3
26
84
35
72
7
41
9
61
84
87
21
74
18
81
12
48
81
3
24
41
1
36
35
92
37
49
26
43
23
62
96
66
75
86
82
27
94
20
22
18
73
72
38
21
73
40
60
13
88
34
93
14
89
75
40
53
2
95
27
90
41
46
49
98
57
52
10
60
46
81
90
89
3
43
39
48
3
50
57
66
90
83
68
28
19
10
17
3
37
70
96
51
54
78
53
73
57
87
30
36
48
48
62
99
79
73
93
80
53
7
21
43
85
9
91
18
91
10
74
46
62
18
25
13
36
58
99
80
7
38
11
65
100
46
64
56
